Cluster Centers:
               lat         lon
cluster                       
0        34.353788  109.135150
1        39.714941  116.135357
2        39.513448  115.997315
3        34.279581  108.966435
4        39.464597  115.967195
5        34.279352  108.957918
6        39.439436  115.948130
7        34.279484  108.956997
8        34.306869  109.033755
9        34.279390  108.957152
10       39.428478  115.938472
11       31.970037  105.062657
12       39.267580  116.584469
13       34.456933  117.782467
14       32.276467  120.825533
15       31.231550  121.521568
16       39.988358  116.375673
17       34.275150  106.429063
18       35.916084  103.959082
19       30.386816  106.028834
20       30.591454  114.278764
21       31.030527  120.772479
22       34.354427  109.167527
23       35.286355  113.707764
24       36.175023  106.540195
25       33.589492  116.793403
26       25.961060  115.949528
27       22.637881  113.974349
28       29.163122  115.857213
29       32.955623  114.162133
30       31.618896  117.889420
31       35.936648  116.650388
32       38.016323  115.264999
33       37.538677  126.856250
34       43.091570  125.403767
35       42.220633  127.979496
36       50.072319  119.407383
37       25.267091  110.297011
38       24.008021  120.832938
39       27.868688  117.949880
40       37.576891  123.494827
41       27.461287  112.479541
42       24.418204  117.680089
43       38.197282  112.785595
44       41.849372  123.322574
45       39.267686  115.950507
46       34.717461  112.089001
47       20.671404  110.144385
48       46.173697  125.106169
49       40.321496  118.619360
50       39.905131  116.393260
51       38.906625  121.559469
52       40.881923  121.122199
53       25.712478  113.158195
54       27.306680  115.179128
55       38.445445  122.832866
56       35.672353  120.166641
57       31.242803  121.492765
58       30.629003  114.232817
59       30.654164  114.267697
60       31.258473  121.298846
61       33.651700  116.613533
62       34.374408  107.149332
63       32.031487  105.107673
64       32.190565  105.263492
65       30.536973  114.321635
66       31.242867  121.492690
67       31.248682  121.477000
68       25.525383  101.745013
69       37.115687   98.367902
70       36.722185  101.484328
71       36.978921   95.747827
72       33.516084   92.072656
73       30.740722   91.590809
74       35.564503   93.901422
75       39.536591   76.151691
76       42.470024   86.594120
77       43.117825   91.880622
78       41.056773   95.641244
79       38.932558  100.604426
80       41.825149   83.736354
81       28.049809  102.170145
82       40.534266   79.414952
83       39.965173   97.717618
84       30.698496  103.998865
85       22.833718  108.351837
86       26.085608  100.259709
87       43.081454   88.881735
88       42.234534   94.026302
89       39.698827  116.108152
90       34.345446  109.117657
91       34.370819  109.169136
92       39.743644  116.154648
93       34.359667  109.143320
94       39.724305  116.141545
95       39.488763  115.980917
96       34.280657  108.970861
97       34.279342  108.957508
98       39.439308  115.947731
99       34.279524  108.956968
100      39.425710  115.935907

Cluster Sizes:
cluster
16     20357961
49       453587
21       415280
32       219265
43       198941
20       141845
31       130047
30       123425
25       119258
23       116728
27       113893
37        98981
22        98148
29        82248
34        79835
48        79686
41        77289
51        76296
73        75977
42        74579
70        72400
38        71798
72        65554
69        59559
26        59260
84        58947
74        55982
85        55618
71        45268
28        42555
35        35477
76        29233
39        27506
18        26740
56        24191
36        23273
44        21755
54        20200
52        18896
68        18559
17        18441
19        17680
33        17326
87        11826
81        10554
47         8998
80         7288
79         5357
53         5109
83         4876
78         3247
88         2379
86         2113
77         2071
75         1307
82          630
40          336
89          198
24          143
90          124
91           68
93           42
92           38
8            29
2            26
95           13
3            12
4            11
1            10
96           10
5             9
50            7
6             6
7             5
45            3
98            3
97            3
99            2
59            2
46            2
60            2
61            1
9             1
0             1
94            1
10            1
63            1
62            1
100           1
64            1
11            1
12            1
55            1
13            1
14            1
57            1
65            1
66            1
15            1
58            1
67            1