Cluster Centers:
               lat         lon
cluster                       
-1       40.128446  114.396436
 0       38.316295  114.366336
 1       38.200795  114.154984
 2       35.486741  110.604490
 3       37.541699  126.783965
 4       27.905864  102.181753
 5       26.920724  100.168045
 6       25.215275  101.568588
 7       24.000223  120.831424
 8       20.653406  110.143808
 9       36.177230  106.537886
 10      46.617950  124.940688
 11      30.813496  106.083569
 12      29.738160  106.432840
 13      44.673963  129.178057
 14      38.917775  121.566284
 15      47.063801  122.035207
 16      50.268788  119.236531
 17      27.653214  117.958892
 18      31.804218  112.207947
 19      24.512372  117.818570
 20      39.187153  115.938361

Cluster Sizes:
cluster
 20    4737723
 14      15256
 7       14344
 19      13791
 10      11329
 17       4614
 16       4477
 3        3597
 6        3428
 4        2689
 12       2115
 8        1852
 11        807
 13        552
 15        279
 5         144
-1          96
 1          61
 2          56
 9          35
 0          17
 18         11